308.78565568169 0.00202593423691391 331222404.305474 2345412.8323001 722320.9707261 2428235.03165434
308.29647535282 0.00214486840855055 313773485.603987 2302723.99632126 -410484.394930909 2319244.9798697
307.780917875442 0.00221963378003951 313962012.955192 2370589.55497207 -169219.994830539 2335629.86745765
307.293517315625 0.00222186532980933 313303457.006501 2230297.52106565 1614733.28563705 2352371.77650358
306.800742155533 0.00173191230826866 313515029.805959 2211862.80412024 -773761.898725896 2356568.04120089
306.326473923641 0.00224148545493412 313140271.320428 2534736.10741085 -1972778.1929118 2316620.57497245
305.874484766398 0.00226974500707991 314292903.923504 2344744.58375397 3062488.41538071 2299269.37449988
305.394874300525 0.00221711142495884 314980090.885784 2312591.89572425 724397.493412291 2305955.84253397
304.911482882003 0.00246082893452597 313756477.055149 2329307.94220968 -186506.404474329 2376534.76732372
304.472661109073 0.00194810595434678 315318192.397478 2373022.1328935 -65857.0555134578 2348248.3409611
304.041587817834 0.00182072306240569 313177514.376412 2348160.70442851 1950650.61773932 2356798.45492879
303.60465674025 0.00179744399520409 314967996.483674 2283185.2057178 -271600.023509771 2267276.48494462
303.130541824973 0.00213351915505355 313346240.709015 2078861.60707725 1032435.13762931 2283468.21988293
302.701009030712 0.00191145222985195 315537036.564869 2278948.85452303 410999.92519436 2202546.47852189
302.272360264386 0.00216521337200426 310823887.746902 2077764.07572899 -380448.439813261 2234355.29612571
301.821986908157 0.00195773171296841 314857122.480925 2325021.10381361 33946.0518225925 2307859.05852085
301.400614490585 0.00210635856954911 312742417.395814 2298190.24046443 -1784831.25285528 2292131.23848695
300.966897432528 0.00282934886959069 312368203.454179 2227672.68162419 1413834.34875611 2156620.49815944
300.500022245001 0.00177213529862331 313579517.632096 2414803.75243304 -78842.8332704471 2154489.76884356
300.079701147824 0.00249091296124164 310302767.752364 2088641.91899898 595136.66150084 2161691.34784446
299.620988612903 0.00206428524878872 311209118.642531 2096116.29951447 -362117.065283321 2333547.21605534
299.211470369206 0.00198506096149749 311172914.049933 2230382.67087506 -1755965.51438654 2256517.22333642
298.749688776391 0.00268697022244036 314726798.820639 2303924.31857596 1623155.34534041 2369138.92225018
298.306792392048 0.00280784776598648 315153948.1219 2161611.41637125 793037.370414602 2213108.36866305
297.903868269668 0.0022145560229185 316948246.895152 2314829.45373996 1194543.6270936 2398686.05779348
297.447816272468 0.00218953101039355 317598115.770939 2122488.92971617 224964.803850756 2212639.76836049
296.982771082784 0.00217772414487705 317950180.371124 2287757.55223272 -2914118.5432761 2189751.99844511
296.535995807517 0.00241864597771162 318322453.702178 2215836.75978834 1062651.95153498 2275136.21977194
296.095179354133 0.00219024725583679 321591969.455664 2354370.15083086 238968.586007686 2324784.39921659
295.641587862216 0.00238110279886706 323001690.379458 2302781.23785781 -63619.4679296437 2198369.21369353
295.247139554418 0.00259203216644119 322018079.152759 2367141.00855186 147578.26297656 2343874.57369233
294.818129617764 0.00192818276642634 319009374.27367 2409616.55179673 -1668850.55463293 2345077.71622213
294.352982660807 0.00176031878733879 318323111.150104 2297091.79786495 -1105995.25607537 2392936.31197033
293.88723734177 0.0017704878429302 317599307.91931 2245473.1465107 1098290.28546466 2256498.19961498
293.425674125112 0.00198523702220609 318651138.297625 2346245.43685738 -1309423.84294395 2307331.12276235
292.960260372945 0.00254947194214673 320654969.819109 2399346.95684097 -2587509.65940783 2313697.35128962
292.518084695724 0.00272253428892753 320959801.252918 2237405.20525944 1892592.28622876 2296570.30078586
292.024873666046 0.0022411262681682 319780166.449162 2353076.23080937 -1050328.62326612 2360083.54921324
291.551129215246 0.00183636911207525 320688138.769731 2270680.12734891 1640143.7938328 2310996.92641152
291.078775995239 0.00203687216398082 334881702.347712 2205363.43926186 1000239.60996992 2206468.84153827
